[ 1 1 1 1 1 ] 0.88800 0.86400 0.91200 0.88800 0.90756 0.87023
[ 1 1 1 1 1 ] 0.86800 0.84800 0.88800 0.86800 0.88333 0.85385
[ 1 1 1 1 1 ] 0.85100 0.78200 0.92000 0.85100 0.90719 0.80844
[ 1 1 1 1 1 ] 0.86000 0.86000 0.86000 0.86000 0.86000 0.86000
[ 1 1 1 1 1 ] 0.87000 0.86000 0.88000 0.87000 0.87755 0.86275
[ 1 1 1 1 1 ] 0.87000 0.84400 0.89600 0.87000 0.89030 0.85171
[ 1 1 1 1 1 ] 0.86200 0.84000 0.88400 0.86200 0.87866 0.84674
[ 1 1 1 1 1 ] 0.88200 0.88200 0.88200 0.88200 0.88200 0.88200
[ 1 1 1 1 1 ] 0.85600 0.87200 0.84000 0.85600 0.84496 0.86777
[ 1 1 1 1 1 ] 0.87000 0.82600 0.91400 0.87000 0.90570 0.84007
[ 1 1 1 1 1 ] 0.86770 0.84780 0.88760 0.86770 0.88373 0.85436 0.01126 0.02828 0.02482 0.01126 0.02049 0.02021[0.330000000 1.000000000 220.000000000 30.000000000 10000000.000000000]
